time_stamp	px_state	py_state	v_state	yaw_angle_state	yaw_rate_state	sensor_type	NIS	px_measured	py_measured	px_ground_truth	py_ground_truth	vx_ground_truth	vy_ground_truth
1477010443000000	0.312243	0.58034	3	0	0.1	lidar	0	0.312243	0.58034	0.6	0.6	5.19994	0
1477010443050000	0.726881	0.53778	4.51811	0.517332	0.103161	radar	6.99202	0.862916	0.534212	0.859997	0.600045	5.19975	0.00179686
1477010443100000	0.983858	0.616172	4.99437	0.357209	0.101327	lidar	3.09101	1.17385	0.481073	1.11998	0.600225	5.19943	0.00538996
1477010443150000	1.21734	0.523725	4.9191	0.162476	0.0887213	radar	5.55551	0.969149	0.397513	1.37996	0.600629	5.19898	0.0107781
1477010443200000	1.51382	0.583565	5.01315	0.135502	0.0879033	lidar	1.27945	1.65063	0.62469	1.6399	0.601347	5.19839	0.0179597
1477010443250000	1.78743	0.575221	5.17815	0.0897319	0.0825495	radar	1.48943	1.62331	0.499091	1.89982	0.60247	5.19766	0.0269323
1477010443300000	2.0791	0.606595	5.2293	0.0817102	0.0836596	lidar	0.797396	2.18882	0.648739	2.1597	0.604086	5.19678	0.0376932
1477010443350000	2.30582	0.638049	5.16227	0.105757	0.0878522	radar	1.60275	1.96701	0.557117	2.41954	0.606284	5.19573	0.0502389
1477010443400000	2.58147	0.664872	5.18919	0.103051	0.0869839	lidar	0.305936	2.65526	0.66598	2.67932	0.609155	5.1945	0.0645654
1477010443450000	2.8548	0.66941	5.21606	0.0877622	0.0687536	radar	0.367735	2.92034	0.645898	2.93904	0.612786	5.19309	0.080668
1477010443500000	3.09565	0.685105	5.19037	0.0896516	0.0603094	lidar	0.496617	3.01222	0.637046	3.19869	0.617267	5.19147	0.0985415
1477010443550000	3.38718	0.627591	5.22152	0.0302819	-0.0293731	radar	4.13354	3.56096	0.485311	3.45825	0.622685	5.18963	0.11818
1477010443600000	3.69509	0.572171	5.27404	-0.0218897	-0.104121	lidar	5.914	3.89365	0.311793	3.71772	0.62913	5.18754	0.139576
1477010443650000	3.97569	0.597854	5.33076	-0.00333515	-0.055429	radar	1.5215	4.19786	0.698311	3.97708	0.636689	5.18519	0.162724
1477010443700000	4.25315	0.591829	5.34532	-0.0102573	-0.0605545	lidar	0.179593	4.30935	0.578564	4.23632	0.645449	5.18256	0.187614
1477010443750000	4.5133	0.609875	5.31491	0.00069767	-0.0357131	radar	0.679591	4.61908	0.68951	4.49542	0.655498	5.17962	0.214238
1477010443800000	4.707	0.686497	5.2213	0.0552735	0.0579911	lidar	9.48365	4.35143	0.899174	4.75437	0.666921	5.17634	0.242587
1477010443850000	4.96104	0.682595	5.1654	0.0446289	0.0339235	radar	2.03765	5.20901	0.66599	5.01315	0.679804	5.1727	0.272649
1477010443900000	5.26569	0.678297	5.22602	0.0338236	0.0158326	lidar	3.44388	5.51894	0.648233	5.27175	0.694234	5.16867	0.304413
1477010443950000	5.52522	0.685013	5.25491	0.033915	0.0147611	radar	1.51736	5.22834	0.639362	5.53013	0.710295	5.16422	0.337868
1477010444000000	5.82281	0.695525	5.30045	0.034566	0.0165409	lidar	2.08763	6.022	0.708619	5.78828	0.728072	5.15932	0.372999
1477010444050000	6.06713	0.630409	5.22799	-0.0133141	-0.0685113	radar	4.14763	5.89392	0.373584	6.04618	0.747647	5.15393	0.409793
1477010444100000	6.32655	0.727537	5.22263	0.0477399	0.0393146	lidar	3.18119	6.34249	0.948833	6.30379	0.769103	5.14803	0.448233
1477010444150000	6.57793	0.757265	5.18586	0.0603088	0.0560306	radar	0.54621	6.62134	0.836138	6.5611	0.792523	5.14157	0.488305
1477010444200000	6.82882	0.754618	5.17674	0.0518722	0.0377061	lidar	0.218546	6.78214	0.714036	6.81808	0.817988	5.13452	0.52999
1477010444250000	7.07312	0.73835	5.09441	0.0348755	0.00516243	radar	3.26506	7.29121	0.630741	7.07469	0.845578	5.12685	0.573269
1477010444300000	7.29612	0.819792	5.05435	0.0800744	0.0763008	lidar	2.62125	7.13735	0.957217	7.3309	0.875373	5.11851	0.618123
1477010444350000	7.58752	0.832248	5.15754	0.0777096	0.0673305	radar	4.47501	8.08349	0.819605	7.58668	0.907449	5.10946	0.664531
1477010444400000	7.84036	0.807923	5.15141	0.0545925	0.0259729	lidar	0.58692	7.80533	0.719126	7.84199	0.941886	5.09966	0.712469
1477010444450000	8.09075	0.825248	5.09411	0.056979	0.0255925	radar	2.51991	8.40453	0.884557	8.0968	0.978759	5.08907	0.761915
1477010444500000	8.33019	0.841628	5.0757	0.059899	0.0282027	lidar	0.352357	8.24796	0.840322	8.35106	1.01814	5.07766	0.812843
1477010444550000	8.59751	0.937055	5.16331	0.109249	0.104775	radar	6.62933	8.45858	1.41118	8.60472	1.06011	5.06537	0.865226
1477010444600000	8.836	0.997093	5.14252	0.13367	0.13444	lidar	0.617709	8.74615	1.04858	8.85775	1.10473	5.05216	0.919037
1477010444650000	9.12452	1.03804	5.19923	0.141736	0.135736	radar	6.82963	9.8809	1.1419	9.1101	1.15208	5.03798	0.974245
1477010444700000	9.36318	1.0689	5.17518	0.145768	0.131852	lidar	0.621072	9.25579	1.04913	9.36172	1.20223	5.0228	1.03082
1477010444750000	9.64086	1.14817	5.22742	0.174344	0.164694	radar	4.39693	10.1016	1.52474	9.61255	1.25524	5.00656	1.08873
1477010444800000	9.91299	1.28263	5.26208	0.232186	0.239653	lidar	2.735	10.0484	1.44598	9.86254	1.31118	4.98922	1.14794
1477010444850000	10.1596	1.38773	5.20899	0.27311	0.288856	radar	4.45781	10.5377	1.72555	10.1117	1.37011	4.97074	1.20841
1477010444900000	10.3852	1.46475	5.17949	0.292774	0.297526	lidar	0.967089	10.2492	1.45907	10.3598	1.4321	4.95106	1.2701
1477010444950000	10.6148	1.5668	5.10001	0.330142	0.341032	radar	3.73754	10.9084	1.70343	10.6069	1.49721	4.93014	1.33298
1477010445000000	10.8437	1.58294	5.06234	0.31025	0.286635	lidar	1.76699	10.7313	1.45265	10.853	1.56549	4.90794	1.39701
1477010445050000	11.1094	1.63496	5.1033	0.304427	0.252976	radar	2.17607	11.4783	1.42876	11.0979	1.637	4.8844	1.46213
1477010445100000	11.3917	1.66667	5.13482	0.286092	0.205841	lidar	2.26977	11.587	1.61462	11.3416	1.71179	4.85948	1.52832
1477010445150000	11.6229	1.72723	5.08809	0.292769	0.203602	radar	0.93391	11.4763	1.53917	11.584	1.78992	4.83313	1.59551
1477010445200000	11.8545	1.78471	5.06718	0.294964	0.192035	lidar	0.38784	11.7788	1.74591	11.8251	1.87144	4.80531	1.66366
1477010445250000	12.109	1.8782	5.12581	0.310544	0.196293	radar	1.31412	12.136	2.14937	12.0647	1.95639	4.77598	1.73273
1477010445300000	12.3555	1.8933	5.10124	0.284259	0.142945	lidar	0.891948	12.3226	1.78353	12.3029	2.04482	4.74508	1.80265
1477010445350000	12.6119	1.9506	5.14374	0.27882	0.119997	radar	0.96927	12.5457	1.77728	12.5394	2.13677	4.71257	1.87338
1477010445400000	12.8101	2.09299	5.11541	0.330921	0.188446	lidar	3.13004	12.5924	2.17509	12.7743	2.23227	4.67842	1.94485
1477010445450000	13.0758	2.20145	5.2078	0.345009	0.186585	radar	3.39352	13.2198	2.6644	13.0075	2.33137	4.64258	2.01701
1477010445500000	13.2777	2.34695	5.18285	0.391617	0.241831	lidar	2.27487	13.0875	2.40708	13.2388	2.43409	4.605	2.08981
1477010445550000	13.4535	2.51216	5.08112	0.457575	0.335274	radar	10.3894	12.7087	3.12439	13.4682	2.54047	4.56565	2.16317
1477010445600000	13.7045	2.61685	5.10616	0.465057	0.321083	lidar	0.912209	13.836	2.62479	13.6955	2.65053	4.52448	2.23703
1477010445650000	13.9228	2.73674	5.08998	0.486244	0.331236	radar	0.150812	13.8302	2.73893	13.9208	2.7643	4.48147	2.31134
1477010445700000	14.1514	2.88511	5.11353	0.516329	0.350258	lidar	0.383788	14.2106	2.94205	14.1439	2.88179	4.43656	2.38601
1477010445750000	14.4031	2.98931	5.17689	0.505975	0.294791	radar	1.69355	14.5568	2.87021	14.3646	3.00303	4.38974	2.46099
1477010445800000	14.6139	3.04957	5.11461	0.489682	0.251633	lidar	2.44584	14.4616	2.90734	14.583	3.12802	4.34097	2.5362
1477010445850000	14.8439	3.20512	5.17638	0.513048	0.257865	radar	3.67925	14.6754	3.96041	14.7989	3.25679	4.29021	2.61157
1477010445900000	15.0495	3.40013	5.20398	0.563665	0.311855	lidar	0.864356	15.0261	3.5067	15.0122	3.38932	4.23744	2.68703
1477010445950000	15.2576	3.5754	5.19713	0.604124	0.355915	radar	2.37094	15.3685	4.14761	15.2228	3.52563	4.18263	2.76249
1477010446000000	15.4712	3.759	5.22615	0.638303	0.378729	lidar	0.453378	15.5236	3.82936	15.4306	3.66572	4.12575	2.83789
1477010446050000	15.6832	3.89391	5.21242	0.645206	0.361545	radar	1.08804	15.7234	3.4105	15.6355	3.80957	4.06678	2.91315
1477010446100000	15.9082	4.0275	5.21103	0.646836	0.338071	lidar	0.331761	15.9774	4.00094	15.8375	3.95719	4.00571	2.98817
1477010446150000	16.1008	4.19842	5.17161	0.682982	0.382279	radar	1.71571	16.3376	4.21632	16.0363	4.10854	3.94251	3.0629
1477010446200000	16.2986	4.38958	5.19501	0.71427	0.398946	lidar	0.247893	16.3313	4.44499	16.2319	4.26363	3.87716	3.13723
1477010446250000	16.5093	4.55348	5.21191	0.723455	0.37911	radar	0.708462	16.7586	4.48231	16.4242	4.42242	3.80966	3.21109
1477010446300000	16.6892	4.71655	5.18829	0.741347	0.378334	lidar	0.476703	16.6039	4.67344	16.613	4.5849	3.74	3.28438
1477010446350000	16.8354	4.92481	5.11508	0.807709	0.481798	radar	4.15447	16.9236	5.10119	16.7983	4.75103	3.66817	3.35704
1477010446400000	16.9988	5.14612	5.14091	0.849586	0.506097	lidar	0.289092	16.9955	5.21099	16.9799	4.92077	3.59416	3.42897
1477010446450000	17.1678	5.32143	5.11505	0.869238	0.503919	radar	1.78192	17.3421	4.64623	17.1579	5.09409	3.51797	3.50008
1477010446500000	17.3291	5.4948	5.08833	0.88529	0.492214	lidar	0.290765	17.2894	5.43542	17.3319	5.27094	3.4396	3.57028
1477010446550000	17.4838	5.66996	5.04683	0.907389	0.49901	radar	3.26064	17.6463	4.74597	17.5019	5.45128	3.35907	3.63949
1477010446600000	17.6835	5.78092	4.98179	0.882946	0.433158	lidar	2.37976	17.7853	5.62476	17.6679	5.63506	3.27637	3.70762
1477010446650000	17.823	5.98513	4.95694	0.924073	0.477706	radar	0.866197	17.9216	6.07151	17.8297	5.82221	3.19151	3.77458
1477010446700000	18.0001	6.16718	4.95997	0.93101	0.454107	lidar	0.877358	18.1263	6.16985	17.9872	6.01269	3.10453	3.84027
1477010446750000	18.1487	6.37756	4.97779	0.954735	0.452544	radar	0.654191	18.1245	6.79027	18.1402	6.20641	3.01542	3.90462
1477010446800000	18.2693	6.6123	5.00007	0.995367	0.476712	lidar	0.345255	18.2164	6.66138	18.2888	6.40332	2.92421	3.96753
1477010446850000	18.3994	6.82997	5.00255	1.02464	0.487519	radar	0.17159	18.4022	7.02231	18.4328	6.60333	2.83093	4.0289
1477010446900000	18.5527	6.95842	4.91066	1.01053	0.437937	lidar	2.50274	18.5422	6.76013	18.572	6.80638	2.7356	4.08867
1477010446950000	18.7041	7.16275	4.93864	1.01224	0.393201	radar	0.727538	18.8089	7.24388	18.7064	7.01237	2.63825	4.14672
1477010447000000	18.9086	7.29148	4.88146	0.976956	0.320228	lidar	4.17291	19.1441	7.18344	18.8359	7.22122	2.53893	4.20299
1477010447050000	18.9923	7.50025	4.82089	1.0301	0.399343	radar	4.10027	18.5479	7.4012	18.9604	7.43283	2.43767	4.25737
1477010447100000	19.0806	7.76361	4.87307	1.08068	0.440031	lidar	1.04982	19.0138	7.8688	19.0798	7.64712	2.3345	4.3098
1477010447150000	19.2026	7.97007	4.87294	1.09199	0.41906	radar	0.334147	19.3089	7.67375	19.1939	7.86397	2.22949	4.36017
1477010447200000	19.2813	8.18526	4.85301	1.12458	0.435188	lidar	1.34329	19.132	8.12845	19.3028	8.08329	2.12266	4.40842
1477010447250000	19.3818	8.39491	4.85238	1.13549	0.406061	radar	2.30415	19.0239	8.17194	19.4062	8.30497	2.01409	4.45445
1477010447300000	19.4799	8.5398	4.7489	1.13522	0.38146	lidar	3.978	19.347	8.30741	19.5042	8.5289	1.90381	4.49819
1477010447350000	19.5699	8.74978	4.72762	1.16132	0.400744	radar	0.5797	19.6843	8.35902	19.5966	8.75494	1.7919	4.53956
1477010447400000	19.737	8.91789	4.69538	1.13715	0.34291	lidar	4.15491	20.0039	8.8906	19.6835	8.983	1.67841	4.57848
1477010447450000	19.8074	9.14204	4.67809	1.17923	0.395967	radar	1.05569	19.6061	9.48659	19.7645	9.21294	1.56341	4.61488
1477010447500000	19.9396	9.36467	4.70603	1.18141	0.371893	lidar	2.97223	20.1574	9.45949	19.8398	9.44463	1.44697	4.64869
1477010447550000	19.9797	9.59231	4.67037	1.24069	0.458256	radar	2.58718	19.6163	9.76606	19.9093	9.67795	1.32916	4.67984
1477010447600000	20.0664	9.8307	4.69944	1.26179	0.455147	lidar	0.753129	20.1573	9.90876	19.9728	9.91275	1.21005	4.70826
1477010447650000	20.1276	10.0791	4.74225	1.2848	0.439624	radar	7.19637	19.1911	11.5493	20.0303	10.1489	1.08972	4.73389
1477010447700000	20.1732	10.3516	4.79959	1.32466	0.461339	lidar	0.850183	20.166	10.4687	20.0818	10.3863	0.968259	4.75666
1477010447750000	20.1852	10.5923	4.78181	1.38222	0.530631	radar	2.59717	19.6775	10.803	20.1271	10.6247	0.845742	4.77652
1477010447800000	20.2425	10.8629	4.83711	1.40853	0.528367	lidar	2.03196	20.371	11.0109	20.1663	10.864	0.722256	4.7934
1477010447850000	20.2727	11.1194	4.86889	1.43289	0.511103	radar	4.92545	19.4335	12.3402	20.1993	11.1041	0.597892	4.80727
1477010447900000	20.3066	11.3565	4.86358	1.45615	0.508426	lidar	0.010374	20.3164	11.3483	20.2261	11.3449	0.472738	4.81807
1477010447950000	20.2456	11.6109	4.84459	1.55046	0.649936	radar	9.56193	19.2063	12.2418	20.2466	11.5861	0.346889	4.82575
1477010448000000	20.3182	11.8474	4.84232	1.551	0.609845	lidar	5.21118	20.6141	11.9422	20.2608	11.8275	0.220439	4.83027
1477010448050000	20.3499	12.0804	4.84883	1.53894	0.504026	radar	4.22764	19.966	11.9688	20.2687	12.0692	0.093487	4.83159
1477010448100000	20.3363	12.3655	4.91305	1.57586	0.515452	lidar	1.02707	20.3263	12.4966	20.2701	12.3108	-0.0338694	4.82968
1477010448150000	20.2831	12.606	4.8921	1.64425	0.610899	radar	2.71688	20.0192	12.4823	20.2652	12.5522	-0.161529	4.82451
1477010448200000	20.309	12.8432	4.87921	1.65405	0.585884	lidar	2.08304	20.498	12.8924	20.254	12.7933	-0.28939	4.81605
1477010448250000	20.2974	13.0756	4.86221	1.67799	0.58092	radar	2.12234	20.9151	12.2555	20.2363	13.0339	-0.417348	4.80428
1477010448300000	20.2617	13.2878	4.81989	1.70855	0.58471	lidar	1.00207	20.1943	13.1688	20.2122	13.2738	-0.545298	4.78918
1477010448350000	20.2243	13.5235	4.82071	1.72951	0.557869	radar	1.35295	19.858	13.5236	20.1818	13.5129	-0.673135	4.77072
1477010448400000	20.2049	13.7806	4.84559	1.74836	0.545697	lidar	1.37854	20.3245	13.8896	20.1449	13.7509	-0.800753	4.74892
1477010448450000	20.1485	14.0088	4.83123	1.78674	0.573089	radar	0.77237	20.3387	13.5307	20.1017	13.9878	-0.928043	4.72374
1477010448500000	20.0936	14.2625	4.85937	1.81504	0.571477	lidar	0.344471	20.1216	14.337	20.0521	14.2233	-1.0549	4.69521
1477010448550000	20.0219	14.4922	4.85635	1.84444	0.566181	radar	1.35482	19.6717	14.4038	19.9962	14.4573	-1.18121	4.66331
1477010448600000	19.9131	14.7456	4.902	1.88823	0.583126	lidar	1.0683	19.781	14.773	19.934	14.6897	-1.30687	4.62805
1477010448650000	19.8477	14.9647	4.88057	1.89867	0.534545	radar	3.42174	20.1149	14.0165	19.8655	14.9202	-1.43177	4.58944
1477010448700000	19.82	15.182	4.83843	1.90466	0.51139	lidar	2.28533	20.0208	15.2053	19.7908	15.1486	-1.55581	4.54751
1477010448750000	19.6843	15.3905	4.82342	1.9989	0.687169	radar	7.44566	20.0157	15.3443	19.7099	15.3749	-1.67887	4.50226
1477010448800000	19.6552	15.5776	4.74047	2.00646	0.658092	lidar	3.87027	19.9131	15.554	19.6229	15.5989	-1.80085	4.45372
1477010448850000	19.5635	15.7836	4.72411	2.02805	0.630208	radar	1.46024	19.9388	15.0864	19.5298	15.8203	-1.92164	4.40193
1477010448900000	19.4591	15.996	4.72561	2.05807	0.628341	lidar	0.0232997	19.4748	16.0098	19.4307	16.039	-2.04114	4.3469
1477010448950000	19.3596	16.2055	4.72085	2.06495	0.561426	radar	1.97024	19.1556	16.0022	19.3257	16.2549	-2.15925	4.28868
1477010449000000	19.2508	16.3826	4.67656	2.09473	0.565417	lidar	0.691145	19.238	16.2719	19.2148	16.4679	-2.27586	4.22731
1477010449050000	19.133	16.5793	4.66977	2.12431	0.570282	radar	0.276376	19.4007	16.2962	19.0981	16.6777	-2.39087	4.16284
1477010449100000	19.0033	16.7892	4.69106	2.15228	0.568765	lidar	0.138199	19.0029	16.8387	18.9757	16.8841	-2.50418	4.0953
1477010449150000	18.8454	16.9795	4.70746	2.2227	0.682387	radar	6.18628	18.8373	17.7112	18.8477	17.0872	-2.61571	4.02476
1477010449200000	18.6702	17.2135	4.79655	2.25823	0.680388	lidar	1.86139	18.6148	17.3832	18.7142	17.2866	-2.72534	3.95127
1477010449250000	18.5709	17.4212	4.77154	2.22333	0.509071	radar	6.25837	18.8177	17.0316	18.5752	17.4822	-2.83299	3.87489
1477010449300000	18.358	17.6131	4.83289	2.27006	0.531405	lidar	3.80334	18.1023	17.5529	18.4309	17.674	-2.93858	3.79568
1477010449350000	18.221	17.8063	4.82472	2.26588	0.451095	radar	1.88194	18.2749	17.4877	18.2814	17.8617	-3.042	3.71372
1477010449400000	18.0927	17.9941	4.80511	2.27833	0.440049	lidar	0.881828	18.2094	18.0461	18.1268	18.0453	-3.14318	3.62906
1477010449450000	17.9153	18.1462	4.78878	2.33127	0.514864	radar	2.41227	18.3021	17.498	17.9671	18.2246	-3.24204	3.5418
1477010449500000	17.786	18.2897	4.71873	2.35151	0.51061	lidar	1.10464	17.9018	18.2183	17.8026	18.3994	-3.3385	3.45199
1477010449550000	17.6525	18.4709	4.7027	2.3572	0.47675	radar	6.48365	18.8558	18.1364	17.6334	18.5697	-3.43247	3.35973
1477010449600000	17.4594	18.6537	4.74994	2.38391	0.478704	lidar	0.486337	17.3845	18.7039	17.4595	18.7353	-3.5239	3.26509
1477010449650000	17.2777	18.7934	4.73469	2.42517	0.519667	radar	1.91574	17.7945	18.0801	17.281	18.8962	-3.61271	3.16817
1477010449700000	17.1173	18.9305	4.69554	2.4495	0.518863	lidar	0.324417	17.1762	18.8863	17.0983	19.0521	-3.69883	3.06904
1477010449750000	16.9499	19.1009	4.70382	2.46029	0.491387	radar	2.93519	16.9398	19.7311	16.9113	19.203	-3.78221	2.9678
1477010449800000	16.7331	19.2167	4.7062	2.50214	0.511738	lidar	2.78961	16.5734	19.052	16.7201	19.3488	-3.86278	2.86455
1477010449850000	16.5427	19.3695	4.72447	2.52878	0.523491	radar	3.2477	16.1674	20.2201	16.5251	19.4894	-3.9405	2.75938
1477010449900000	16.3176	19.531	4.78867	2.55445	0.520758	lidar	0.861555	16.2338	19.6171	16.3262	19.6246	-4.01531	2.65237
1477010449950000	16.0944	19.6126	4.76955	2.61199	0.581514	radar	10.0966	16.4366	18.2742	16.1237	19.7545	-4.08716	2.54364
1477010450000000	15.8886	19.7562	4.79383	2.63257	0.570677	lidar	0.770202	15.9243	19.8703	15.9176	19.8789	-4.15602	2.43329
1477010450050000	15.7004	19.8826	4.7658	2.62908	0.486512	radar	3.18242	16.2328	19.2166	15.7082	19.9978	-4.22185	2.32141
1477010450100000	15.47	20.0369	4.83005	2.64508	0.47427	lidar	1.31337	15.4332	20.1836	15.4956	20.111	-4.28461	2.2081
1477010450150000	15.2576	20.1792	4.85464	2.65513	0.450164	radar	5.56939	14.3677	21.3406	15.2799	20.2185	-4.34427	2.09347
1477010450200000	15.07	20.3122	4.83898	2.66462	0.435447	lidar	1.76727	15.2016	20.4385	15.0613	20.3203	-4.4008	1.97763
1477010450250000	14.8391	20.3929	4.83774	2.70788	0.479634	radar	2.28446	14.7476	19.9571	14.84	20.4162	-4.4542	1.86068
1477010450300000	14.6237	20.5127	4.84881	2.72384	0.469975	lidar	0.590762	14.6665	20.6088	14.6161	20.5063	-4.50443	1.74272
1477010450350000	14.3868	20.5986	4.8666	2.76569	0.517093	radar	1.31553	13.841	21.0031	14.3897	20.5904	-4.55149	1.62386
1477010450400000	14.14	20.6719	4.8822	2.79948	0.525938	lidar	0.746774	14.0521	20.5924	14.1611	20.6686	-4.59537	1.50421
1477010450450000	13.9034	20.7429	4.88992	2.83796	0.557991	radar	0.290794	13.8232	20.859	13.9304	20.7408	-4.63606	1.38386
1477010450500000	13.6285	20.8051	4.93988	2.87468	0.566726	lidar	1.73517	13.4686	20.7253	13.6977	20.807	-4.67357	1.26294
1477010450550000	13.3818	20.8348	4.94322	2.93437	0.642944	radar	1.92573	13.8263	20.4261	13.4632	20.8671	-4.70789	1.14153
1477010450600000	13.1347	20.8731	4.94415	2.9703	0.647368	lidar	0.140845	13.1072	20.8294	13.2271	20.9211	-4.73904	1.01975
1477010450650000	12.9044	20.9332	4.93212	2.98688	0.616338	radar	1.91689	13.2669	21.1579	12.9895	20.969	-4.76702	0.897694
1477010450700000	12.7038	20.9749	4.8745	3.01091	0.610983	lidar	1.94086	12.8729	21.0592	12.7506	21.0108	-4.79186	0.775469
1477010450750000	12.4523	21.0166	4.89515	3.03621	0.602325	radar	2.58003	11.5171	21.6724	12.5106	21.0465	-4.81358	0.653175
1477010450800000	12.2045	21.0529	4.90829	3.06099	0.59526	lidar	0.180674	12.2062	21.11	12.2695	21.0761	-4.83219	0.530912
1477010450850000	11.9673	21.0729	4.90192	3.09126	0.601337	radar	0.897127	12.3859	21.1066	12.0276	21.0996	-4.84773	0.408778
1477010450900000	11.7244	21.0412	4.88209	3.13756	0.621869	lidar	1.77329	11.6814	20.8651	11.785	21.117	-4.86022	0.286869
1477010450950000	11.4789	21.0281	4.87806	3.17089	0.620332	radar	1.04929	11.5265	20.6748	11.5418	21.1283	-4.86971	0.165281
1477010451000000	11.2623	21.0205	4.83933	3.20031	0.620201	lidar	0.681184	11.363	21.0688	11.2982	21.1335	-4.87623	0.0441057
1477010451050000	11.0098	20.9819	4.84834	3.23846	0.625271	radar	4.07091	10.5558	20.5567	11.0544	21.1327	-4.87982	-0.076565
1477010451100000	10.7993	20.9425	4.80031	3.27546	0.634634	lidar	0.50927	10.8903	20.927	10.8105	21.1259	-4.88053	-0.196643
1477010451150000	10.5487	20.9458	4.79468	3.26782	0.539573	radar	5.76742	9.30535	21.3896	10.5666	21.1131	-4.8784	-0.31604
1477010451200000	10.265	20.9781	4.87548	3.26446	0.497797	lidar	3.45486	10.189	21.209	10.3229	21.0943	-4.87349	-0.434674
1477010451250000	10.025	20.9598	4.87487	3.2827	0.488532	radar	0.993915	9.97958	21.2932	10.0795	21.0697	-4.86585	-0.552463
1477010451300000	9.83237	20.9214	4.80285	3.31072	0.495667	lidar	1.69183	9.99634	20.9797	9.83658	21.0391	-4.85554	-0.669327
1477010451350000	9.59367	20.9162	4.78293	3.29949	0.412119	radar	1.79298	9.38223	21.111	9.59422	21.0028	-4.84262	-0.785189
1477010451400000	9.40249	20.8656	4.71584	3.32815	0.424169	lidar	1.10013	9.53921	20.8762	9.35258	20.9607	-4.82714	-0.899977
1477010451450000	9.18065	20.8225	4.70922	3.35403	0.440502	radar	1.55059	9.63392	20.9724	9.11177	20.9128	-4.80919	-1.01362
1477010451500000	8.88685	20.7949	4.80595	3.35961	0.417596	lidar	2.08503	8.70331	20.8221	8.87192	20.8594	-4.78881	-1.12605
1477010451550000	8.67255	20.713	4.78558	3.40073	0.455805	radar	4.63924	9.84634	20.009	8.63315	20.8003	-4.76608	-1.2372
1477010451600000	8.39674	20.6306	4.85462	3.42648	0.457696	lidar	2.77495	8.22277	20.4839	8.39557	20.7358	-4.74108	-1.34701
1477010451650000	8.16777	20.5491	4.85984	3.4602	0.482758	radar	0.185206	8.29647	20.4978	8.1593	20.6657	-4.71387	-1.45542
1477010451700000	7.92607	20.4697	4.87798	3.4831	0.48072	lidar	0.110913	7.88599	20.45	7.92445	20.5903	-4.68453	-1.56237
1477010451750000	7.71095	20.3815	4.87873	3.52335	0.526337	radar	3.55863	8.29081	20.6565	7.69111	20.5096	-4.65313	-1.66781
1477010451800000	7.40054	20.3254	4.99841	3.52078	0.486479	lidar	3.30048	7.18029	20.392	7.45939	20.4237	-4.61975	-1.7717
1477010451850000	7.16747	20.2291	4.99819	3.5428	0.47868	radar	0.213958	7.09214	20.1196	7.22939	20.3326	-4.58448	-1.87399
1477010451900000	6.90285	20.1469	5.04668	3.55312	0.460117	lidar	0.578148	6.81542	20.1859	7.00119	20.2364	-4.54738	-1.97462
1477010451950000	6.67575	20.0559	5.03336	3.56781	0.442592	radar	0.447239	6.89359	20.1536	6.7749	20.1352	-4.50854	-2.07357
1477010452000000	6.42841	19.9649	5.05741	3.58008	0.42955	lidar	0.241482	6.38914	20.0137	6.55059	20.0292	-4.46805	-2.17079
1477010452050000	6.2105	19.8711	5.04087	3.59856	0.429227	radar	2.83491	6.67637	20.2142	6.32834	19.9183	-4.42598	-2.26625
1477010452100000	5.94766	19.7783	5.08883	3.6042	0.408152	lidar	0.647938	5.86119	19.8306	6.10823	19.8027	-4.38241	-2.35993
1477010452150000	5.72042	19.6301	5.12529	3.65162	0.469897	radar	1.99013	5.28178	19.5036	5.89034	19.6824	-4.33744	-2.45178
1477010452200000	5.54725	19.5048	5.05484	3.68479	0.483817	lidar	1.45759	5.69089	19.5755	5.67472	19.5577	-4.29114	-2.5418
1477010452250000	5.34744	19.3548	5.04485	3.72086	0.503121	radar	1.74886	5.9506	18.9859	5.46145	19.4284	-4.24359	-2.62995
1477010452300000	5.13446	19.2526	5.03297	3.73063	0.483934	lidar	1.92396	5.17021	19.4397	5.25059	19.2948	-4.19488	-2.71622
1477010452350000	4.94113	19.1423	4.97422	3.73456	0.436141	radar	4.72147	5.87397	19.301	5.04219	19.157	-4.1451	-2.80059
1477010452400000	4.78188	18.9893	4.91829	3.77273	0.459084	lidar	0.760843	4.89149	18.982	4.8363	19.015	-4.09432	-2.88305
1477010452450000	4.57452	18.8385	4.94952	3.80089	0.478237	radar	1.4444	3.98679	19.0452	4.63297	18.8689	-4.04263	-2.96359
1477010452500000	4.39799	18.706	4.9148	3.82185	0.475528	lidar	1.12177	4.4685	18.834	4.43224	18.7188	-3.99012	-3.0422
1477010452550000	4.21464	18.5651	4.87342	3.83079	0.436363	radar	1.38361	4.69245	18.4634	4.23416	18.5648	-3.93685	-3.11888
1477010452600000	4.09365	18.4079	4.78881	3.87285	0.465958	lidar	1.99487	4.26269	18.481	4.03876	18.4071	-3.88293	-3.19362
1477010452650000	3.91596	18.2324	4.85697	3.92339	0.54371	radar	6.97979	3.42434	18.8357	3.84606	18.2457	-3.82841	-3.26644
1477010452700000	3.65357	18.0935	4.94998	3.90729	0.482536	lidar	2.83036	3.45919	18.167	3.65611	18.0807	-3.77339	-3.33732
1477010452750000	3.48906	17.9444	4.88563	3.9136	0.435831	radar	3.45232	4.3011	17.9267	3.46891	17.9122	-3.71795	-3.40627
1477010452800000	3.25867	17.7791	4.95117	3.91286	0.40353	lidar	1.16214	3.12525	17.7493	3.28449	17.7402	-3.66215	-3.47331
1477010452850000	3.08299	17.5933	4.99324	3.95122	0.452931	radar	2.38286	2.65664	17.888	3.10287	17.565	-3.60609	-3.53844
1477010452900000	2.90163	17.4768	4.95596	3.94754	0.4193	lidar	6.14552	2.9449	17.8154	2.92405	17.3866	-3.54982	-3.60167
1477010452950000	2.76741	17.2571	4.98805	4.01221	0.509227	radar	2.97293	3.26647	17.0897	2.74805	17.2051	-3.49344	-3.66302
1477010453000000	2.59084	17.071	5.0046	4.02877	0.497009	lidar	0.103336	2.55407	17.0853	2.57486	17.0205	-3.437	-3.72251
1477010453050000	2.4237	16.9069	4.94089	4.02189	0.423463	radar	2.249	2.55039	16.8884	2.4045	16.833	-3.38059	-3.78014
1477010453100000	2.25794	16.7353	4.93552	4.03265	0.409701	lidar	0.51792	2.25371	16.8334	2.23695	16.6427	-3.32428	-3.83595
1477010453150000	2.07885	16.5413	4.93703	4.03264	0.362509	radar	4.92278	1.57735	16.0489	2.07221	16.4497	-3.26812	-3.88995
1477010453200000	1.92543	16.3109	4.97079	4.06218	0.376908	lidar	2.27606	1.88972	16.1054	1.91027	16.254	-3.21219	-3.94216
1477010453250000	1.76319	16.1363	4.9362	4.0582	0.328609	radar	0.896076	1.74362	16.2687	1.75112	16.0557	-3.15656	-3.99261
1477010453300000	1.55353	15.9705	4.97305	4.04018	0.28135	lidar	1.53159	1.44745	16.0853	1.59474	15.8549	-3.10129	-4.04132
1477010453350000	1.43408	15.7358	5.01615	4.09738	0.370248	radar	2.34608	1.6097	15.5526	1.44111	15.6517	-3.04644	-4.08832
1477010453400000	1.26048	15.5184	5.05991	4.10639	0.356612	lidar	0.772662	1.18395	15.4284	1.29021	15.4463	-2.99207	-4.13364
1477010453450000	1.10021	15.3262	5.05295	4.10834	0.328818	radar	0.895074	0.828993	15.528	1.14201	15.2386	-2.93825	-4.1773
1477010453500000	0.885097	15.1093	5.13648	4.09591	0.288232	lidar	2.20019	0.722706	15.0075	0.996486	15.0288	-2.88503	-4.21933
1477010453550000	0.731875	14.9296	5.0855	4.08823	0.23914	radar	2.22051	1.03147	15.2134	0.853604	14.8169	-2.83246	-4.25977
1477010453600000	0.6353	14.7148	5.0417	4.12373	0.27129	lidar	0.700267	0.737301	14.7047	0.71333	14.603	-2.78061	-4.29864
1477010453650000	0.527836	14.4712	5.07806	4.17238	0.341881	radar	1.98929	0.722177	14.2445	0.575628	14.3872	-2.72952	-4.33598
1477010453700000	0.35287	14.2495	5.12765	4.17039	0.315361	lidar	0.747986	0.253435	14.2029	0.440459	14.1696	-2.67925	-4.37181
1477010453750000	0.236733	13.9954	5.20273	4.22013	0.395726	radar	3.06643	-0.0328023	13.9604	0.307779	13.9502	-2.62984	-4.40617
1477010453800000	0.232058	13.7444	5.11364	4.29597	0.47348	lidar	3.67166	0.459172	13.6856	0.177545	13.7292	-2.58135	-4.43909
1477010453850000	0.132836	13.5015	5.1502	4.32915	0.499317	radar	0.834651	0.0524412	13.6377	0.0497099	13.5065	-2.53381	-4.47061
1477010453900000	-0.0394799	13.271	5.20869	4.31511	0.44303	lidar	1.55672	-0.190344	13.2856	-0.0757753	13.2823	-2.48728	-4.50075
1477010453950000	-0.159904	13.0538	5.16339	4.31174	0.389733	radar	1.2487	-0.275043	13.1456	-0.198962	13.0566	-2.44179	-4.52955
1477010454000000	-0.154714	12.8264	5.06822	4.37922	0.460537	lidar	3.24662	0.0462308	12.9301	-0.319903	12.8295	-2.39739	-4.55704
1477010454050000	-0.276701	12.6025	5.03021	4.3673	0.390515	radar	3.70388	-0.684792	12.3563	-0.438654	12.6011	-2.35412	-4.58326
1477010454100000	-0.400698	12.3675	5.05799	4.3657	0.359482	lidar	0.394656	-0.476482	12.3633	-0.555273	12.3714	-2.31202	-4.60823
1477010454150000	-0.532329	12.1599	5.02895	4.34692	0.295353	radar	3.71928	-0.972122	12.5207	-0.669818	12.1404	-2.27111	-4.63198
1477010454200000	-0.608919	11.9413	5.00181	4.36471	0.300414	lidar	0.535125	-0.582624	12.0386	-0.78235	11.9083	-2.23144	-4.65456
1477010454250000	-0.742892	11.7135	5.01345	4.34855	0.248963	radar	2.62145	-1.26757	11.6495	-0.892931	11.6751	-2.19304	-4.67598
1477010454300000	-0.948644	11.4718	5.10283	4.3018	0.163615	lidar	3.65339	-1.17212	11.3988	-1.00163	11.4409	-2.15594	-4.69628
1477010454350000	-1.06324	11.2458	5.06667	4.28829	0.110899	radar	2.32434	-0.891441	10.959	-1.1085	11.2057	-2.12017	-4.71549
1477010454400000	-1.24276	11.0212	5.11451	4.25518	0.0573815	lidar	1.53428	-1.39289	11.0424	-1.21362	10.9695	-2.08575	-4.73364
1477010454450000	-1.31232	10.7721	5.14783	4.30092	0.14738	radar	2.016	-1.29894	10.9012	-1.31706	10.7324	-2.05273	-4.75075
1477010454500000	-1.44026	10.5193	5.1882	4.2988	0.134489	lidar	0.722816	-1.49687	10.4198	-1.41889	10.4945	-2.02111	-4.76686
1477010454550000	-1.5236	10.2547	5.23633	4.33221	0.192564	radar	1.69839	-1.59293	10.0212	-1.51917	10.2559	-1.99093	-4.78198
1477010454600000	-1.61894	10.0452	5.19541	4.33684	0.186356	lidar	1.92851	-1.61875	10.2374	-1.61797	10.0165	-1.96221	-4.79615
1477010454650000	-1.70891	9.81482	5.16935	4.34288	0.175833	radar	0.493985	-1.59702	9.96554	-1.71539	9.77637	-1.93498	-4.80939
1477010454700000	-1.77964	9.59511	5.12669	4.35867	0.185839	lidar	0.871537	-1.73381	9.71347	-1.81147	9.53564	-1.90924	-4.82172
1477010454750000	-1.88877	9.34205	5.18407	4.36911	0.204223	radar	2.48127	-2.27191	9.37316	-1.90631	9.29431	-1.88502	-4.83316
1477010454800000	-1.96681	9.04925	5.23763	4.39013	0.218154	lidar	4.10957	-1.93833	8.77028	-1.99998	9.05243	-1.86233	-4.84374
1477010454850000	-2.05495	8.82661	5.18644	4.38482	0.17932	radar	1.83147	-1.96565	9.13274	-2.09256	8.81003	-1.8412	-4.85347
1477010454900000	-2.14969	8.57464	5.20391	4.38868	0.172002	lidar	0.107365	-2.1768	8.5411	-2.18412	8.56717	-1.82164	-4.86238
1477010454950000	-2.28131	8.31974	5.25091	4.37367	0.137895	radar	2.65873	-2.65862	8.19477	-2.27474	8.32388	-1.80365	-4.87047
1477010455000000	-2.32283	8.08692	5.19879	4.40027	0.165648	lidar	0.928632	-2.21875	8.15339	-2.3645	8.0802	-1.78726	-4.87778
1477010455050000	-2.38541	7.87418	5.13467	4.40838	0.159667	radar	5.52947	-2.273	8.52315	-2.45348	7.83617	-1.77248	-4.8843
1477010455100000	-2.50008	7.62274	5.17204	4.39859	0.134985	lidar	0.605136	-2.59674	7.60288	-2.54177	7.59184	-1.75931	-4.89006
1477010455150000	-2.6719	7.387	5.19199	4.34211	0.0166736	radar	5.06349	-3.08256	7.38874	-2.62944	7.34723	-1.74777	-4.89507
1477010455200000	-2.77629	7.13217	5.21687	4.33958	0.0119544	lidar	0.279204	-2.79865	7.064	-2.71658	7.10238	-1.73786	-4.89933
1477010455250000	-2.83119	6.89685	5.19483	4.36976	0.0732463	radar	1.93936	-2.79412	7.20818	-2.80326	6.85734	-1.72958	-4.90286
1477010455300000	-2.87035	6.69001	5.1082	4.39022	0.0950521	lidar	2.66117	-2.74651	6.86867	-2.88957	6.61214	-1.72295	-4.90566
1477010455350000	-2.93549	6.46817	5.04032	4.38266	0.0474611	radar	3.91511	-2.57673	6.36755	-2.97559	6.36681	-1.71797	-4.90774
1477010455400000	-2.98942	6.23259	5.01474	4.397	0.0630962	lidar	0.444672	-2.90217	6.22989	-3.0614	6.12139	-1.71464	-4.90911
1477010455450000	-3.10685	5.98425	5.06872	4.38826	0.0568073	radar	3.31842	-3.50172	6.10796	-3.14709	5.87592	-1.71297	-4.90976
1477010455500000	-3.19003	5.71015	5.11632	4.39377	0.0600879	lidar	1.70265	-3.1778	5.53101	-3.23274	5.63043	-1.71295	-4.9097
1477010455550000	-3.30063	5.46271	5.12659	4.36784	-0.00736376	radar	1.93507	-3.19736	5.19093	-3.31843	5.38496	-1.71458	-4.90893
1477010455600000	-3.3991	5.20179	5.16347	4.36461	-0.0110134	lidar	0.561375	-3.43031	5.10507	-3.40424	5.13955	-1.71787	-4.90745
1477010455650000	-3.46247	4.95555	5.15936	4.38579	0.0369965	radar	0.422367	-3.4281	4.94644	-3.49026	4.89422	-1.72281	-4.90525
1477010455700000	-3.57845	4.67709	5.23538	4.37782	0.0254896	lidar	2.07545	-3.69435	4.52196	-3.57657	4.64902	-1.72939	-4.90233
1477010455750000	-3.68747	4.42463	5.24761	4.35383	-0.0380314	radar	1.92801	-3.50501	4.17643	-3.66325	4.40398	-1.73763	-4.89868
1477010455800000	-3.82321	4.15347	5.32208	4.33798	-0.0536343	lidar	2.40035	-4.00238	4.04684	-3.75039	4.15913	-1.74749	-4.8943
1477010455850000	-3.90003	3.91248	5.30389	4.35738	0.00284975	radar	1.3978	-4.06447	4.10977	-3.83806	3.91452	-1.75899	-4.88918
1477010455900000	-3.97207	3.6802	5.26253	4.36266	0.00746016	lidar	0.733231	-3.88053	3.75177	-3.92635	3.67019	-1.77212	-4.8833
1477010455950000	-4.07237	3.47608	5.20132	4.34118	-0.0458601	radar	3.98827	-4.23729	3.88878	-4.01533	3.42616	-1.78686	-4.87666
1477010456000000	-4.16447	3.23164	5.20268	4.3401	-0.0444013	lidar	0.0169224	-4.15119	3.21968	-4.10509	3.18248	-1.8032	-4.86925
1477010456050000	-4.2789	2.9778	5.23533	4.32415	-0.0777357	radar	0.579777	-4.27467	2.88187	-4.19571	2.93919	-1.82113	-4.86104
1477010456100000	-4.37007	2.70353	5.27748	4.32829	-0.0662283	lidar	1.37254	-4.32451	2.55034	-4.28727	2.69633	-1.84065	-4.85202
1477010456150000	-4.45523	2.4535	5.27467	4.33848	-0.0336154	radar	0.290479	-4.38481	2.39989	-4.37985	2.45393	-1.86173	-4.84218
1477010456200000	-4.5602	2.18812	5.31383	4.33773	-0.0301093	lidar	0.637416	-4.61223	2.09192	-4.47352	2.21205	-1.88436	-4.83149
1477010456250000	-4.66921	1.95993	5.29557	4.30603	-0.116845	radar	3.72126	-4.29257	1.92854	-4.56836	1.97072	-1.90853	-4.81994
1477010456300000	-4.78645	1.68584	5.35624	4.30283	-0.109382	lidar	1.57121	-4.86829	1.53442	-4.66444	1.72998	-1.93422	-4.80751
1477010456350000	-4.909	1.43839	5.37586	4.28488	-0.141056	radar	0.308919	-4.98165	1.43611	-4.76186	1.48989	-1.9614	-4.79417
1477010456400000	-4.96983	1.20495	5.31549	4.29059	-0.130494	lidar	5.07739	-4.66779	1.28643	-4.86066	1.25049	-1.99007	-4.7799
1477010456450000	-5.06396	0.988189	5.25702	4.29119	-0.10778	radar	1.2086	-4.98594	1.10894	-4.96095	1.01182	-2.02019	-4.76468
1477010456500000	-5.12568	0.755961	5.20799	4.29752	-0.0973235	lidar	4.0515	-4.85498	0.825661	-5.06277	0.77393	-2.05174	-4.74848
1477010456550000	-5.21883	0.460554	5.29678	4.30559	-0.0856332	radar	5.334	-4.84736	0.18101	-5.16621	0.536876	-2.08471	-4.73127
1477010456600000	-5.29402	0.219867	5.27039	4.30968	-0.0768965	lidar	1.59188	-5.1231	0.257311	-5.27133	0.300706	-2.11906	-4.71303
1477010456650000	-5.4026	-0.0168719	5.25157	4.31823	-0.0291279	radar	5.89462	-5.99809	-0.290765	-5.3782	0.0654719	-2.15477	-4.69374
1477010456700000	-5.47264	-0.256111	5.22491	4.32541	-0.0195984	lidar	1.6537	-5.29972	-0.212982	-5.4869	-0.168772	-2.1918	-4.67335
1477010456750000	-5.5946	-0.434647	5.14374	4.29507	-0.0737626	radar	3.76516	-5.64447	-0.144522	-5.59748	-0.401971	-2.23014	-4.65185
1477010456800000	-5.73233	-0.616778	5.08193	4.26598	-0.112042	lidar	2.53178	-5.85359	-0.445801	-5.71001	-0.634069	-2.26974	-4.62919
1477010456850000	-5.84888	-0.840481	5.10506	4.23757	-0.181894	radar	5.18075	-5.30947	-0.724468	-5.82456	-0.865006	-2.31058	-4.60536
1477010456900000	-5.94381	-1.11259	5.16198	4.24958	-0.148963	lidar	1.65589	-5.87835	-1.26863	-5.94118	-1.09472	-2.35262	-4.58032
1477010456950000	-6.03097	-1.38317	5.20595	4.26429	-0.114798	radar	2.95913	-5.68069	-1.52871	-6.05993	-1.32316	-2.39581	-4.55404
1477010457000000	-6.17093	-1.58866	5.17864	4.24054	-0.141962	lidar	0.960786	-6.27263	-1.50938	-6.18087	-1.55025	-2.44014	-4.52648
1477010457050000	-6.31811	-1.81847	5.24015	4.19944	-0.235089	radar	3.60059	-6.11355	-1.75966	-6.30406	-1.77593	-2.48555	-4.49762
1477010457100000	-6.42423	-2.07098	5.26366	4.20404	-0.210223	lidar	0.669294	-6.34007	-2.13685	-6.42954	-2.00014	-2.532	-4.46742
1477010457150000	-6.57668	-2.27003	5.22278	4.18006	-0.22251	radar	2.92138	-6.99344	-2.17445	-6.55738	-2.22281	-2.57946	-4.43585
1477010457200000	-6.72791	-2.47855	5.2109	4.15741	-0.239922	lidar	0.309125	-6.79288	-2.4458	-6.68761	-2.44386	-2.62788	-4.40288
1477010457250000	-6.88556	-2.68683	5.20803	4.13327	-0.259929	radar	0.912246	-7.14408	-2.67584	-6.82029	-2.66323	-2.6772	-4.36847
1477010457300000	-6.9739	-2.96414	5.25899	4.16136	-0.196842	lidar	2.96421	-6.8003	-3.10086	-6.95546	-2.88084	-2.7274	-4.3326
1477010457350000	-7.10159	-3.1891	5.23728	4.16236	-0.16947	radar	0.33979	-7.13937	-3.22028	-7.09316	-3.09663	-2.7784	-4.29523
1477010457400000	-7.22632	-3.38412	5.19196	4.14895	-0.178704	lidar	1.33422	-7.12118	-3.26434	-7.23344	-3.3105	-2.83017	-4.25632
1477010457450000	-7.3712	-3.63391	5.23463	4.14998	-0.160256	radar	4.52014	-7.77186	-4.08999	-7.37632	-3.5224	-2.88265	-4.21586
1477010457500000	-7.53439	-3.76628	5.1311	4.10209	-0.223022	lidar	4.49389	-7.49009	-3.49081	-7.52184	-3.73223	-2.93579	-4.1738
1477010457550000	-7.68042	-3.97301	5.13575	4.08838	-0.231312	radar	0.438704	-7.52393	-3.88213	-7.67004	-3.93992	-2.98953	-4.13012
1477010457600000	-7.83185	-4.20606	5.16949	4.08593	-0.216642	lidar	0.586065	-7.88049	-4.29783	-7.82094	-4.14538	-3.04381	-4.08479
1477010457650000	-7.98257	-4.42457	5.17691	4.0806	-0.20595	radar	0.426181	-8.08524	-4.57834	-7.97457	-4.34854	-3.09857	-4.03778
1477010457700000	-8.14043	-4.66767	5.22411	4.08159	-0.187759	lidar	1.2949	-8.22492	-4.79812	-8.13095	-4.5493	-3.15376	-3.98906
1477010457750000	-8.27568	-4.87599	5.15718	4.09148	-0.137567	radar	2.43803	-8.453	-4.95621	-8.2901	-4.74759	-3.2093	-3.93862
1477010457800000	-8.40444	-5.09874	5.15969	4.09814	-0.117298	lidar	0.283703	-8.33552	-5.1059	-8.45204	-4.94331	-3.26514	-3.88641
1477010457850000	-8.54953	-5.2678	5.07002	4.08745	-0.110368	radar	3.79728	-8.55062	-4.79248	-8.61678	-5.13637	-3.32121	-3.83242
1477010457900000	-8.74158	-5.46381	5.08892	4.06138	-0.140545	lidar	1.77615	-8.91477	-5.51752	-8.78433	-5.32669	-3.37745	-3.77663
1477010457950000	-8.89943	-5.66272	5.07854	4.05396	-0.137806	radar	0.299233	-9.04115	-5.69364	-8.95469	-5.51417	-3.43377	-3.71901
1477010458000000	-9.05624	-5.84859	5.06267	4.04137	-0.146509	lidar	0.143376	-9.03391	-5.80267	-9.12788	-5.69872	-3.49012	-3.65955
1477010458050000	-9.19308	-6.00782	4.96705	4.03471	-0.135209	radar	6.0741	-8.86897	-5.41973	-9.30388	-5.88026	-3.54643	-3.59823
1477010458100000	-9.37834	-6.1019	4.8735	3.97903	-0.209033	lidar	4.78562	-9.30811	-5.82368	-9.4827	-6.05868	-3.60261	-3.53503
1477010458150000	-9.55429	-6.28416	4.88549	3.96449	-0.214893	radar	0.918649	-9.80646	-6.41174	-9.66432	-6.23389	-3.6586	-3.46994
1477010458200000	-9.68885	-6.49899	4.90254	3.98115	-0.174086	lidar	0.531461	-9.62547	-6.55958	-9.84874	-6.4058	-3.71431	-3.40295
1477010458250000	-9.91798	-6.65116	4.95754	3.92919	-0.246785	radar	7.06218	-10.6688	-6.35543	-10.0359	-6.57431	-3.76969	-3.33404
1477010458300000	-10.1225	-6.81364	4.96807	3.90048	-0.27062	lidar	0.602808	-10.2246	-6.83402	-10.2259	-6.73933	-3.82463	-3.26321
1477010458350000	-10.3099	-6.9724	4.98166	3.87827	-0.286728	radar	0.991924	-10.2205	-6.71044	-10.4186	-6.90075	-3.87907	-3.19046
1477010458400000	-10.5392	-7.15279	5.03457	3.85288	-0.301591	lidar	3.5831	-10.7616	-7.29159	-10.614	-7.05849	-3.93293	-3.11577
1477010458450000	-10.7498	-7.2879	5.03555	3.81779	-0.332893	radar	1.76498	-10.8944	-6.83335	-10.8121	-7.21245	-3.98613	-3.03916
1477010458500000	-10.9957	-7.4495	5.08585	3.78536	-0.35461	lidar	3.44064	-11.2219	-7.56979	-11.0128	-7.36252	-4.03859	-2.96062
1477010458550000	-11.1877	-7.5845	5.0402	3.76565	-0.357283	radar	1.22953	-10.986	-7.3707	-11.2161	-7.50862	-4.09021	-2.88015
1477010458600000	-11.3302	-7.74885	4.99645	3.77915	-0.312546	lidar	3.31499	-11.0934	-7.6776	-11.422	-7.65064	-4.14093	-2.79777
1477010458650000	-11.5291	-7.87064	4.9623	3.75318	-0.328046	radar	1.72646	-11.4213	-7.46085	-11.6304	-7.78849	-4.19066	-2.71349
1477010458700000	-11.7082	-7.97632	4.90826	3.72938	-0.34046	lidar	2.96285	-11.5269	-7.8215	-11.8413	-7.92208	-4.23932	-2.6273
1477010458750000	-11.9054	-8.08304	4.82931	3.70174	-0.35682	radar	1.6986	-11.9422	-7.88317	-12.0546	-8.05131	-4.28682	-2.53924
1477010458800000	-12.1201	-8.17347	4.81166	3.66377	-0.386711	lidar	0.484794	-12.09	-8.08828	-12.2702	-8.17609	-4.33309	-2.44932
1477010458850000	-12.3483	-8.29963	4.90035	3.64516	-0.38129	radar	2.70961	-12.4462	-8.02117	-12.4881	-8.29633	-4.37802	-2.35756
1477010458900000	-12.5503	-8.38216	4.86229	3.61407	-0.399931	lidar	1.63778	-12.4231	-8.2599	-12.7082	-8.41193	-4.42156	-2.26399
1477010458950000	-12.7616	-8.45931	4.79509	3.57738	-0.429274	radar	1.52671	-12.7461	-8.19449	-12.9304	-8.5228	-4.4636	-2.16863
1477010459000000	-13.0369	-8.55079	4.85746	3.53499	-0.457524	lidar	3.89548	-13.2911	-8.64594	-13.1547	-8.62886	-4.50407	-2.07151
1477010459050000	-13.2881	-8.64778	4.92493	3.51191	-0.450952	radar	2.7474	-13.7929	-8.47158	-13.381	-8.73002	-4.54289	-1.97267
1477010459100000	-13.5072	-8.69709	4.89199	3.47339	-0.475209	lidar	1.58539	-13.384	-8.57583	-13.6092	-8.82619	-4.57997	-1.87214
1477010459150000	-13.7313	-8.72348	4.81159	3.4177	-0.533654	radar	3.30716	-13.6376	-8.26344	-13.8392	-8.91729	-4.61524	-1.76997
1477010459200000	-13.9477	-8.85054	4.82063	3.42888	-0.478937	lidar	1.37784	-13.9959	-8.99264	-14.0709	-9.00324	-4.64861	-1.6662
1477010459250000	-14.1985	-8.94533	4.91582	3.42695	-0.429863	radar	3.04029	-14.4737	-8.79552	-14.3043	-9.08395	-4.68001	-1.56086
1477010459300000	-14.4148	-9.0709	4.91147	3.44128	-0.378909	lidar	0.907453	-14.4273	-9.1875	-14.5391	-9.15936	-4.70936	-1.45402
1477010459350000	-14.644	-9.14151	4.89013	3.42155	-0.383875	radar	0.298307	-14.5757	-9.32634	-14.7754	-9.22939	-4.73658	-1.34573
1477010459400000	-14.9322	-9.13289	4.93738	3.35192	-0.454359	lidar	1.69889	-15.062	-9.04396	-15.013	-9.29397	-4.76161	-1.23603
1477010459450000	-15.1903	-9.2077	4.97182	3.34121	-0.434447	radar	4.59798	-15.6189	-9.69365	-15.2517	-9.35302	-4.78436	-1.125
1477010459500000	-15.4487	-9.33705	5.01089	3.36101	-0.374472	lidar	5.49733	-15.6682	-9.56749	-15.4916	-9.40649	-4.80476	-1.01269
1477010459550000	-15.693	-9.36178	4.95894	3.31773	-0.425602	radar	2.12696	-15.9382	-9.35751	-15.7324	-9.45431	-4.82275	-0.899159
1477010459600000	-15.9467	-9.455	4.98167	3.32295	-0.387416	lidar	2.17262	-16.0862	-9.59819	-15.9741	-9.49642	-4.83827	-0.784484
1477010459650000	-16.2	-9.45851	4.9612	3.27507	-0.437987	radar	2.30343	-16.6033	-8.85459	-16.2164	-9.53277	-4.85124	-0.668734
1477010459700000	-16.4523	-9.44991	4.96556	3.23152	-0.468426	lidar	0.448111	-16.4229	-9.37029	-16.4594	-9.5633	-4.8616	-0.55198
1477010459750000	-16.6724	-9.44441	4.90882	3.19268	-0.500657	radar	5.09058	-16.011	-9.33486	-16.7027	-9.58797	-4.8693	-0.434301
1477010459800000	-16.9552	-9.42873	4.96018	3.14989	-0.523644	lidar	1.37572	-17.1132	-9.43043	-16.9464	-9.60673	-4.87427	-0.315773
1477010459850000	-17.2046	-9.49748	4.984	3.16946	-0.445864	radar	8.05258	-16.9255	-10.8571	-17.1903	-9.61954	-4.87646	-0.196479
1477010459900000	-17.4637	-9.51879	4.99796	3.15529	-0.434199	lidar	0.513292	-17.5448	-9.57485	-17.4342	-9.62636	-4.87583	-0.0765024
1477010459950000	-17.7222	-9.50489	4.9936	3.11868	-0.465288	radar	1.68565	-18.1371	-9.39146	-17.6781	-9.62717	-4.87232	0.0440703
1477010460000000	-17.9769	-9.47128	5.00444	3.08206	-0.483351	lidar	0.156614	-17.9724	-9.42299	-17.9216	-9.62194	-4.86588	0.165151
1477010460050000	-18.2227	-9.42805	4.98529	3.03696	-0.525593	radar	0.601373	-18.3083	-9.18778	-18.1648	-9.61064	-4.85648	0.286648
1477010460100000	-18.4213	-9.48311	4.90171	3.05641	-0.466	lidar	2.43807	-18.2763	-9.60997	-18.4074	-9.59325	-4.84408	0.40847
1477010460150000	-18.657	-9.4738	4.90534	3.04849	-0.432451	radar	1.71305	-18.2443	-9.58547	-18.6493	-9.56977	-4.82864	0.530522
1477010460200000	-18.9051	-9.46702	4.90727	3.03643	-0.419319	lidar	0.263531	-18.9545	-9.51544	-18.8904	-9.54017	-4.81012	0.652707
1477010460250000	-19.1349	-9.4301	4.90295	3.01654	-0.409346	radar	3.93748	-18.6983	-9.02886	-19.1305	-9.50447	-4.78851	0.774927
1477010460300000	-19.3827	-9.30253	4.93898	2.94761	-0.474454	lidar	2.9983	-19.2983	-9.09865	-19.3694	-9.46265	-4.76378	0.897083
1477010460350000	-19.6175	-9.22106	4.92331	2.89848	-0.525265	radar	1.02473	-19.7037	-8.79906	-19.6069	-9.41472	-4.73591	1.01907
1477010460400000	-19.8691	-9.0935	4.96763	2.83966	-0.567683	lidar	1.12066	-19.8731	-8.96417	-19.8431	-9.36071	-4.70487	1.1408
1477010460450000	-20.1079	-8.98997	4.98882	2.80196	-0.573188	radar	4.86618	-20.3815	-7.6755	-20.0775	-9.30061	-4.67066	1.26215
1477010460500000	-20.2779	-9.13547	4.78985	2.88261	-0.437388	lidar	15.1476	-20.1607	-9.59663	-20.3102	-9.23446	-4.63328	1.38303
1477010460550000	-20.5163	-9.09683	4.79622	2.87816	-0.406206	radar	1.53016	-20.4587	-9.7448	-20.5409	-9.16227	-4.59271	1.50334
1477010460600000	-20.7381	-8.99858	4.80221	2.84107	-0.428321	lidar	0.735977	-20.6596	-8.91527	-20.7696	-9.08409	-4.54895	1.62296
1477010460650000	-20.9799	-8.91697	4.81897	2.81302	-0.443063	radar	2.45973	-21.5568	-8.5005	-20.9959	-8.99994	-4.50202	1.74179
1477010460700000	-21.1759	-8.84944	4.77073	2.79458	-0.43959	lidar	1.30079	-21.0195	-8.85081	-21.2198	-8.90987	-4.45191	1.85972
1477010460750000	-21.4089	-8.76073	4.77857	2.76537	-0.458758	radar	1.91603	-21.8628	-8.64129	-21.4412	-8.81393	-4.39865	1.97666
1477010460800000	-21.6012	-8.73977	4.69762	2.77283	-0.420917	lidar	1.73783	-21.5029	-8.87191	-21.6597	-8.71217	-4.34224	2.0925
1477010460850000	-21.7925	-8.58887	4.66791	2.69438	-0.539091	radar	6.35671	-21.9514	-7.41274	-21.8754	-8.60465	-4.2827	2.20712
1477010460900000	-21.9945	-8.5131	4.6403	2.67995	-0.523365	lidar	0.235029	-21.9793	-8.57089	-22.0881	-8.49143	-4.22007	2.32043
1477010460950000	-22.2046	-8.40842	4.65878	2.66664	-0.48581	radar	2.0959	-22.1914	-7.70392	-22.2975	-8.37258	-4.15437	2.43232
1477010461000000	-22.4356	-8.31031	4.68302	2.65099	-0.473764	lidar	1.24689	-22.5838	-8.35296	-22.5035	-8.24817	-4.08564	2.5427
1477010461050000	-22.6268	-8.19285	4.66272	2.61722	-0.497663	radar	0.84974	-22.3177	-8.57758	-22.7061	-8.11829	-4.01391	2.65145
1477010461100000	-22.8637	-7.94502	4.81107	2.54015	-0.559882	lidar	5.72819	-22.9861	-7.6724	-22.9049	-7.98301	-3.93923	2.75848
1477010461150000	-23.0549	-7.79152	4.80131	2.48537	-0.62872	radar	3.10191	-23.2693	-8.32031	-23.1	-7.84243	-3.86163	2.8637
1477010461200000	-23.281	-7.6133	4.87261	2.44894	-0.631826	lidar	2.21859	-23.4777	-7.56583	-23.2911	-7.69663	-3.78118	2.967
1477010461250000	-23.4832	-7.47806	4.88598	2.45298	-0.545805	radar	2.12316	-23.473	-7.02103	-23.4781	-7.54572	-3.69792	3.06828
1477010461300000	-23.6483	-7.33492	4.84804	2.42703	-0.546046	lidar	0.660678	-23.5408	-7.36069	-23.6609	-7.3898	-3.61191	3.16746
1477010461350000	-23.8405	-7.17527	4.86504	2.41055	-0.517547	radar	0.954983	-24.0505	-6.56968	-23.8393	-7.22897	-3.52321	3.26445
1477010461400000	-24.0019	-7.0851	4.77002	2.40852	-0.492755	lidar	2.19877	-23.9384	-7.26171	-24.0132	-7.06336	-3.43189	3.35916
1477010461450000	-24.1692	-6.90155	4.77971	2.36737	-0.525352	radar	1.92804	-24.3577	-5.94086	-24.1825	-6.89307	-3.33801	3.45149
1477010461500000	-24.3298	-6.64771	4.86218	2.30872	-0.562065	lidar	3.06426	-24.2574	-6.4352	-24.347	-6.71823	-3.24166	3.54138
1477010461550000	-24.4973	-6.47052	4.859	2.2741	-0.589357	radar	3.44808	-24.788	-7.18367	-24.5066	-6.53896	-3.14289	3.62873
1477010461600000	-24.5944	-6.33181	4.74664	2.24617	-0.592481	lidar	5.30775	-24.3008	-6.43799	-24.6612	-6.35538	-3.0418	3.71347
1477010461650000	-24.7359	-6.14285	4.74575	2.21697	-0.588033	radar	0.300566	-24.6108	-6.00878	-24.8107	-6.16764	-2.93846	3.79553
1477010461700000	-24.9185	-5.93927	4.8007	2.19571	-0.575545	lidar	2.76118	-25.146	-5.91902	-24.955	-5.97587	-2.83295	3.87484
1477010461750000	-25.0499	-5.73427	4.8073	2.16718	-0.566042	radar	1.84035	-24.8975	-5.02285	-25.094	-5.7802	-2.72537	3.95132
1477010461800000	-25.1827	-5.56401	4.77045	2.14801	-0.556607	lidar	0.396146	-25.1941	-5.64372	-25.2276	-5.58079	-2.61581	4.02492
1477010461850000	-25.3373	-5.37903	4.77822	2.14863	-0.491575	radar	1.27668	-25.5328	-5.4399	-25.3556	-5.37777	-2.50435	4.09557
1477010461900000	-25.4825	-5.15596	4.82035	2.12349	-0.490512	lidar	0.597339	-25.5713	-5.10241	-25.4779	-5.1713	-2.39109	4.16322
1477010461950000	-25.6144	-4.97883	4.79432	2.12568	-0.426922	radar	6.0883	-25.0178	-6.55904	-25.5946	-4.96152	-2.27613	4.22781
1477010462000000	-25.7306	-4.80867	4.74252	2.11094	-0.420737	lidar	0.579383	-25.6952	-4.89995	-25.7055	-4.7486	-2.15956	4.2893
1477010462050000	-25.8504	-4.6027	4.74556	2.09174	-0.414106	radar	0.123346	-25.8162	-4.40681	-25.8105	-4.53268	-2.04149	4.34764
1477010462100000	-25.9645	-4.36057	4.79152	2.06168	-0.424194	lidar	0.548202	-25.9516	-4.26659	-25.9096	-4.31392	-1.92202	4.40279
1477010462150000	-26.0711	-4.13832	4.79182	2.00504	-0.530381	radar	11.4545	-26.8953	-4.43966	-26.0027	-4.0925	-1.80125	4.45471
1477010462200000	-26.1619	-3.85393	4.87714	1.96072	-0.549626	lidar	1.99668	-26.1198	-3.67723	-26.0897	-3.86856	-1.67928	4.50337
1477010462250000	-26.2349	-3.6154	4.88028	1.90022	-0.638972	radar	3.27091	-26.5652	-3.85723	-26.1706	-3.64227	-1.55623	4.54875
1477010462300000	-26.2606	-3.34739	4.90033	1.84392	-0.667392	lidar	4.26418	-25.9974	-3.24722	-26.2453	-3.41381	-1.4322	4.59081
1477010462350000	-26.3113	-3.10394	4.90427	1.79736	-0.699035	radar	0.209212	-26.2976	-3.01078	-26.3138	-3.18332	-1.30729	4.62954
1477010462400000	-26.3321	-2.86835	4.88239	1.75244	-0.711923	lidar	1.32628	-26.1741	-2.87885	-26.376	-2.95098	-1.18162	4.66493
1477010462450000	-26.3928	-2.64349	4.86679	1.73727	-0.667028	radar	1.68437	-26.4681	-3.44967	-26.4319	-2.71697	-1.05529	4.69696
1477010462500000	-26.4676	-2.48965	4.75653	1.729	-0.64428	lidar	5.9584	-26.674	-2.73852	-26.4815	-2.48143	-0.928411	4.72562
1477010462550000	-26.525	-2.25457	4.76324	1.71984	-0.587252	radar	1.21758	-26.657	-1.72382	-26.5247	-2.24456	-0.80109	4.75091
1477010462600000	-26.5745	-2.05843	4.71052	1.70113	-0.577588	lidar	1.26134	-26.6691	-2.17333	-26.5616	-2.0065	-0.673434	4.77284
1477010462650000	-26.6066	-1.82153	4.71444	1.6873	-0.531544	radar	2.01564	-26.3248	-1.32261	-26.5921	-1.76744	-0.545553	4.79141
1477010462700000	-26.6047	-1.5733	4.72725	1.64959	-0.544177	lidar	1.10276	-26.4671	-1.53207	-26.6161	-1.52753	-0.417552	4.80664
1477010462750000	-26.6008	-1.34414	4.71491	1.60321	-0.592704	radar	1.65797	-26.4998	-2.19526	-26.6338	-1.28695	-0.289538	4.81852
1477010462800000	-26.6041	-1.11743	4.70122	1.57379	-0.593016	lidar	0.0394453	-26.5998	-1.14277	-26.6451	-1.04586	-0.161616	4.8271
1477010462850000	-26.6343	-0.892651	4.69086	1.56193	-0.563382	radar	5.19906	-27.2008	-1.67679	-26.65	-0.804425	-0.0338883	4.83238
1477010462900000	-26.6461	-0.642068	4.71898	1.53986	-0.554991	lidar	0.554078	-26.7355	-0.59539	-26.6485	-0.562811	0.0935412	4.83439
1477010462950000	-26.6327	-0.401296	4.7318	1.49742	-0.599688	radar	2.24545	-26.9891	0.0351487	-26.6406	-0.321181	0.220572	4.83317
1477010463000000	-26.5868	-0.107745	4.8192	1.45668	-0.609085	lidar	2.60249	-26.4553	0.0602653	-26.6264	-0.0796947	0.347104	4.82874
1477010463050000	-26.5676	0.159575	4.86308	1.42703	-0.614231	radar	1.94895	-26.9537	0.136943	-26.6059	0.161489	0.473041	4.82116
1477010463100000	-26.5443	0.42217	4.90495	1.40282	-0.604781	lidar	1.51205	-26.6201	0.57588	-26.5792	0.402213	0.598287	4.81045
1477010463150000	-26.5334	0.663248	4.89602	1.4003	-0.542126	radar	1.78834	-26.8241	0.381506	-26.5462	0.642323	0.722748	4.79667
1477010463200000	-26.5281	0.929337	4.94244	1.3898	-0.520824	lidar	3.07032	-26.7293	1.06082	-26.5069	0.881666	0.846334	4.77986
1477010463250000	-26.4908	1.18391	4.9546	1.38928	-0.44634	radar	6.81777	-25.9562	2.60409	-26.4616	1.12009	0.968955	4.76007
1477010463300000	-26.4362	1.42581	4.95357	1.36415	-0.449634	lidar	0.0755414	-26.3986	1.42212	-26.4101	1.35745	1.09053	4.73737
1477010463350000	-26.3958	1.65165	4.91873	1.35206	-0.424369	radar	8.05107	-26.5072	-0.563928	-26.3526	1.59361	1.21096	4.71181
1477010463400000	-26.3429	1.87028	4.88048	1.33034	-0.425894	lidar	0.349633	-26.3594	1.79315	-26.2891	1.82841	1.33018	4.68345
1477010463450000	-26.2727	2.10171	4.87853	1.29648	-0.45901	radar	0.395914	-26.3475	1.82827	-26.2197	2.06173	1.44811	4.65235
1477010463500000	-26.2116	2.30063	4.81594	1.27325	-0.460664	lidar	0.855126	-26.2502	2.18481	-26.1444	2.29342	1.56467	4.61859
1477010463550000	-26.1482	2.52965	4.80697	1.26398	-0.423092	radar	0.543969	-26.069	2.27896	-26.0633	2.52336	1.67979	4.58223
1477010463600000	-26.0717	2.7699	4.82751	1.24346	-0.421886	lidar	0.0842068	-26.0641	2.80701	-25.9765	2.75141	1.79339	4.54334
1477010463650000	-25.9743	2.9913	4.83693	1.19121	-0.509094	radar	3.17261	-26.3234	3.02388	-25.8841	2.97746	1.90543	4.502
1477010463700000	-25.8732	3.26687	4.92325	1.1687	-0.503645	lidar	1.48052	-25.8345	3.42005	-25.7861	3.20139	2.01582	4.45828
1477010463750000	-25.7902	3.49673	4.92603	1.14822	-0.501842	radar	2.1088	-26.1824	3.73376	-25.6826	3.42306	2.12452	4.41227
1477010463800000	-25.6839	3.69816	4.89363	1.11919	-0.507423	lidar	0.25302	-25.6666	3.63509	-25.5737	3.64239	2.23146	4.36404
1477010463850000	-25.567	3.90583	4.88259	1.08638	-0.523108	radar	1.13443	-25.5773	3.13316	-25.4596	3.85924	2.3366	4.31367
1477010463900000	-25.4995	4.08636	4.80992	1.07229	-0.511021	lidar	3.77927	-25.7492	3.99968	-25.3402	4.07353	2.43989	4.26125
1477010463950000	-25.3764	4.28823	4.8022	1.0423	-0.518996	radar	0.604441	-25.3516	3.75691	-25.2157	4.28514	2.54127	4.20686
1477010464000000	-25.2155	4.50493	4.83736	1.00518	-0.531224	lidar	2.03112	-25.0214	4.52803	-25.0863	4.49399	2.64071	4.15058
1477010464050000	-25.0658	4.70215	4.8266	0.985575	-0.493683	radar	9.03111	-24.2719	4.30917	-24.9518	4.69998	2.73817	4.09251
1477010464100000	-24.9473	4.89613	4.80922	0.965702	-0.488516	lidar	0.428089	-25.0363	4.88499	-24.8126	4.90303	2.83361	4.03273
1477010464150000	-24.7911	5.08688	4.81078	0.935835	-0.491714	radar	2.31967	-24.3609	4.95947	-24.6686	5.10304	2.92701	3.97132
1477010464200000	-24.6228	5.29989	4.85487	0.908112	-0.493879	lidar	0.925046	-24.5041	5.35293	-24.5201	5.29995	3.01833	3.90839
1477010464250000	-24.4505	5.4756	4.8645	0.859065	-0.552289	radar	0.848569	-24.4379	5.24592	-24.367	5.49367	3.10754	3.84401
1477010464300000	-24.2623	5.64724	4.86955	0.82011	-0.565817	lidar	1.20137	-24.1159	5.61152	-24.2095	5.68414	3.19464	3.77827
1477010464350000	-24.0972	5.80708	4.85477	0.781873	-0.592912	radar	3.07639	-24.5638	4.75836	-24.0477	5.8713	3.27959	3.71127
1477010464400000	-23.922	5.96698	4.84434	0.749648	-0.596524	lidar	0.0348857	-23.9153	5.94377	-23.8818	6.05508	3.36239	3.64309
1477010464450000	-23.7798	6.15832	4.80466	0.773522	-0.461872	radar	4.90809	-23.5491	6.44495	-23.7117	6.23542	3.44302	3.57383
1477010464500000	-23.6132	6.31445	4.7869	0.74958	-0.463731	lidar	0.0959445	-23.6471	6.29102	-23.5377	6.41227	3.52148	3.50357
1477010464550000	-23.464	6.49221	4.76889	0.752185	-0.407355	radar	1.6194	-23.7544	6.53746	-23.3598	6.58559	3.59775	3.4324
1477010464600000	-23.2413	6.71514	4.88554	0.737772	-0.395566	lidar	4.22548	-23.0099	6.86182	-23.1781	6.75533	3.67185	3.36041
1477010464650000	-23.0446	6.85735	4.86948	0.711188	-0.396517	radar	5.49603	-22.7862	5.74143	-22.9928	6.92146	3.74376	3.28768
1477010464700000	-22.8327	7.03063	4.91273	0.689364	-0.397649	lidar	1.01813	-22.6991	7.063	-22.804	7.08393	3.8135	3.21431
1477010464750000	-22.6191	7.16367	4.92063	0.646897	-0.444022	radar	1.71268	-22.418	6.76159	-22.6117	7.24273	3.88106	3.14038
1477010464800000	-22.4352	7.30951	4.90728	0.628226	-0.440125	lidar	0.283736	-22.5083	7.31524	-22.4161	7.39782	3.94647	3.06598
1477010464850000	-22.205	7.43159	4.94801	0.56775	-0.534936	radar	2.66047	-22.0543	7.85452	-22.2173	7.54917	4.00974	2.99118
1477010464900000	-22.0237	7.59453	4.95523	0.559514	-0.512123	lidar	2.11009	-22.1947	7.69478	-22.0154	7.69679	4.07087	2.91607
1477010464950000	-21.8398	7.7695	4.94722	0.576296	-0.420645	radar	5.65625	-21.6178	9.0351	-21.8105	7.84064	4.12989	2.84074
1477010465000000	-21.633	7.91245	4.95659	0.559446	-0.415136	lidar	0.056553	-21.6473	7.94	-21.6026	7.98072	4.18681	2.76526
1477010465050000	-21.4414	8.04928	4.9362	0.551211	-0.389529	radar	1.53891	-21.8637	7.78661	-21.392	8.11703	4.24166	2.68971
1477010465100000	-21.2163	8.08241	4.85434	0.493451	-0.439324	lidar	4.67039	-21.0853	7.83229	-21.1787	8.24957	4.29447	2.61417
1477010465150000	-21.0239	8.24449	4.83786	0.520851	-0.326261	radar	5.8058	-20.5503	9.28616	-20.9628	8.37833	4.34526	2.53871
1477010465200000	-20.8475	8.39828	4.83484	0.525378	-0.300045	lidar	2.89447	-21.0519	8.50983	-20.7444	8.50333	4.39406	2.46341
1477010465250000	-20.6044	8.50521	4.88416	0.480657	-0.371252	radar	4.77714	-19.9265	9.40847	-20.5237	8.62457	4.4409	2.38835
1477010465300000	-20.3562	8.64254	4.94478	0.466303	-0.364716	lidar	1.30226	-20.21	8.68914	-20.3006	8.74206	4.48582	2.31358
1477010465350000	-20.1561	8.77932	4.9198	0.481015	-0.289012	radar	1.39159	-20.2277	8.8532	-20.0753	8.85583	4.52884	2.23919
1477010465400000	-19.9588	8.88036	4.88469	0.466135	-0.290212	lidar	0.597668	-20.0633	8.86724	-19.848	8.96589	4.57001	2.16524
1477010465450000	-19.7572	9.00479	4.86093	0.474746	-0.235455	radar	0.933999	-19.9264	8.78179	-19.6186	9.07227	4.60937	2.09179
1477010465500000	-19.537	9.07469	4.82901	0.446267	-0.256721	lidar	0.834311	-19.4861	8.96665	-19.3873	9.17499	4.64694	2.01891
1477010465550000	-19.2949	9.18109	4.87484	0.420778	-0.290985	radar	4.59732	-18.5719	10.2069	-19.1542	9.27409	4.68278	1.94666
1477010465600000	-19.0102	9.26963	4.94081	0.391638	-0.308262	lidar	6.09797	-18.6786	9.19191	-18.9193	9.36959	4.71692	1.8751
1477010465650000	-18.7917	9.35348	4.92721	0.370166	-0.324307	radar	1.72744	-19.2825	8.98189	-18.6827	9.46154	4.7494	1.80429
1477010465700000	-18.5375	9.45425	4.96809	0.355694	-0.321399	lidar	0.71042	-18.4242	9.46852	-18.4446	9.54996	4.78028	1.73429
1477010465750000	-18.2719	9.47892	4.99684	0.285257	-0.436557	radar	5.88663	-18.1634	8.72444	-18.2049	9.63492	4.80959	1.66514
1477010465800000	-17.9802	9.60837	5.11034	0.28234	-0.410193	lidar	3.29152	-17.7736	9.72478	-17.9639	9.71643	4.83737	1.59691
1477010465850000	-17.7347	9.70394	5.10106	0.290187	-0.341151	radar	2.93154	-17.2296	9.97767	-17.7214	9.79457	4.86368	1.52964
1477010465900000	-17.46	9.81212	5.16689	0.285578	-0.323606	lidar	1.08371	-17.3436	9.88109	-17.4777	9.86936	4.88856	1.46338
1477010465950000	-17.2114	9.88939	5.17542	0.270196	-0.32626	radar	0.433411	-17.1554	10.212	-17.2328	9.94087	4.91205	1.39818
1477010466000000	-16.9396	10.0138	5.24443	0.276187	-0.296533	lidar	1.27116	-16.8876	10.145	-16.9868	10.0091	4.93421	1.33408
1477010466050000	-16.6837	10.0814	5.24902	0.259135	-0.301152	radar	0.0623955	-16.5958	10.1078	-16.7396	10.0743	4.95507	1.27113
1477010466100000	-16.4363	10.188	5.26827	0.262269	-0.278055	lidar	1.17377	-16.5153	10.3091	-16.4915	10.1362	4.97469	1.20937
1477010466150000	-16.1784	10.2563	5.28128	0.244016	-0.29287	radar	0.522809	-16.09	10.5824	-16.2424	10.1952	4.99311	1.14883
1477010466200000	-15.9441	10.2766	5.22494	0.213778	-0.313079	lidar	0.779765	-16.006	10.1843	-15.9924	10.2511	5.01039	1.08956
1477010466250000	-15.6952	10.3448	5.21381	0.211896	-0.281825	radar	0.270643	-15.7234	10.41	-15.7416	10.3041	5.02655	1.03159
1477010466300000	-15.4751	10.3334	5.12753	0.173148	-0.314243	lidar	1.86399	-15.5699	10.1904	-15.4899	10.3543	5.04166	0.974957
1477010466350000	-15.1813	10.3524	5.20556	0.124797	-0.394095	radar	7.59713	-14.2385	10.9109	-15.2376	10.4016	5.05576	0.919692
1477010466400000	-14.9202	10.4063	5.22277	0.115253	-0.380708	lidar	0.272626	-14.9365	10.4722	-14.9846	10.4462	5.06889	0.865828
1477010466450000	-14.6754	10.4472	5.1607	0.12832	-0.289502	radar	6.71314	-14.724	9.63507	-14.7309	10.4882	5.0811	0.813394
1477010466500000	-14.4336	10.4087	5.10598	0.0835279	-0.330283	lidar	2.14048	-14.4088	10.222	-14.4766	10.5276	5.09243	0.762418
1477010466550000	-14.1731	10.4352	5.11081	0.0737056	-0.314069	radar	0.582193	-13.9005	10.5238	-14.2218	10.5645	5.10293	0.712926
1477010466600000	-13.8658	10.5929	5.24808	0.120253	-0.228698	lidar	7.77162	-13.8049	10.9383	-13.9665	10.5989	5.11263	0.664944
1477010466650000	-13.6065	10.6622	5.2348	0.145263	-0.145484	radar	1.68691	-13.3956	10.7857	-13.7107	10.631	5.12159	0.618496
1477010466700000	-13.3587	10.659	5.20131	0.120364	-0.168725	lidar	0.703001	-13.3556	10.5517	-13.4545	10.6608	5.12983	0.573603
1477010466750000	-13.0943	10.6837	5.2156	0.104394	-0.187719	radar	0.274695	-12.9374	10.8137	-13.1979	10.6884	5.13741	0.530288
1477010466800000	-12.8394	10.7808	5.24062	0.126219	-0.147739	lidar	3.7137	-12.9591	11.0099	-12.9409	10.7138	5.14436	0.48857
1477010466850000	-12.5719	10.8337	5.2567	0.13063	-0.127049	radar	1.19782	-12.2518	11.2495	-12.6836	10.7373	5.15071	0.448467
1477010466900000	-12.3394	10.7973	5.18664	0.0949963	-0.16395	lidar	2.24346	-12.3713	10.6091	-12.426	10.7587	5.15651	0.409997
1477010466950000	-12.0798	10.8372	5.18477	0.10131	-0.130797	radar	0.37771	-11.9352	10.9161	-12.1681	10.7783	5.16179	0.373177
1477010467000000	-11.8341	10.9024	5.18453	0.112042	-0.108927	lidar	1.85797	-11.9451	11.0515	-11.91	10.7961	5.16658	0.338022
1477010467050000	-11.5558	10.922	5.21583	0.0987049	-0.126027	radar	2.70675	-10.9703	10.9676	-11.6516	10.8121	5.17092	0.304546
1477010467100000	-11.3282	10.9355	5.1656	0.0882504	-0.131122	lidar	0.889977	-11.4548	10.9407	-11.393	10.8265	5.17484	0.272761
1477010467150000	-11.0659	10.8592	5.19558	-0.00717566	-0.335303	radar	9.75081	-11.3472	10.5111	-11.1342	10.8394	5.17836	0.242681
1477010467200000	-10.776	10.8271	5.22914	-0.0361105	-0.350276	lidar	2.71485	-10.6009	10.6823	-10.8753	10.8509	5.18153	0.214317
1477010467250000	-10.5218	10.8237	5.21484	-0.0460991	-0.332797	radar	0.243838	-10.6563	10.8369	-10.6161	10.8609	5.18435	0.187679
1477010467300000	-10.2887	10.8151	5.17726	-0.0607912	-0.330976	lidar	1.02199	-10.4142	10.8747	-10.3569	10.8697	5.18687	0.162776
1477010467350000	-10.0376	10.8771	5.12694	-0.00686798	-0.169978	radar	6.91832	-9.90413	11.2255	-10.0976	10.8772	5.1891	0.139618
1477010467400000	-9.77697	10.9255	5.14821	0.00741786	-0.139618	lidar	1.94238	-9.83445	11.1032	-9.83809	10.8837	5.19106	0.118212
1477010467450000	-9.54527	10.9056	5.10282	-0.00790634	-0.147826	radar	4.02339	-10.195	10.3498	-9.57852	10.8891	5.19278	0.0985664
1477010467500000	-9.28515	10.9323	5.11869	-0.00232369	-0.131123	lidar	0.616678	-9.3066	11.0348	-9.31887	10.8936	5.19428	0.0806865
1477010467550000	-9.03836	10.9127	5.09459	-0.0124172	-0.126706	radar	2.63509	-9.2226	10.3527	-9.05915	10.8972	5.19557	0.0645787
1477010467600000	-8.77471	10.945	5.11775	-0.00302087	-0.106863	lidar	0.906964	-8.78899	11.0707	-8.79937	10.9001	5.19667	0.050248
1477010467650000	-8.53449	10.9006	5.08421	-0.0276181	-0.131694	radar	6.53473	-8.83914	10.0319	-8.53953	10.9023	5.19759	0.0376992
1477010467700000	-8.36773	10.8208	4.93644	-0.0670335	-0.172149	lidar	5.52171	-8.62045	10.6577	-8.27965	10.9039	5.19835	0.0269359
1477010467750000	-8.1149	10.8356	4.93861	-0.0510195	-0.120487	radar	1.32339	-7.91543	11.1157	-8.01974	10.905	5.19896	0.0179617
1477010467800000	-7.78235	10.882	5.08083	-0.0282258	-0.0835909	lidar	5.01001	-7.51971	11.0005	-7.75979	10.9057	5.19942	0.0107791
1477010467850000	-7.51839	10.8836	5.08564	-0.0166121	-0.041519	radar	1.8052	-7.25987	10.6458	-7.49981	10.9061	5.19975	0.00539029
1477010467900000	-7.24463	10.8721	5.11375	-0.0211075	-0.044687	lidar	0.587367	-7.15631	10.815	-7.23983	10.9063	5.19994	0.00179692
1477010467950000	-7.00336	10.9076	5.08125	0.0138847	0.0411561	radar	3.00406	-7.39396	11.0181	-6.97983	10.9064	5.2	-7.84874e-015
